$ANSIBLE_VAULT;1.1;AES256
33373965393563663232343161393066393561393235396532393638333464656134633463393432
6164663034633039386664323866386261306664316138660a613364313064373062636435313665
62393732333961633434363066336166346536356661626231383261313036666638643263666666
3763353737633839300a643239663738313764626435383463643730376333353036623230366630
64363966613639316335373136343765343433373334373165636664376337383032393135303733
66613431366263656564313937653963623633646161663834303532396665353466336431326164
39643739366265643235643639333064616436346663333461663065343161626538306233646361
36323039633961353139656233373337376636306633323261373035643435353633333332346237
31343731356462323431646264653835663363653465313362663462376635613736313238613138
31303763323133306663376634393037643466663930346530383065623962663537333062616134
34356462326465373862373533313136663565643630366563373237303064326362646462616666
30393935376365376638636230316438356233313036363937613834303864336631393863613133
33396164663962346638376161343637653336366561333630623036353136303166653831643432
33323965326563616434313136373534383635353164363062303262623834613238393763303136
64386533373536373135333030343161383838333335643961333331313839393836656332326335
34656433396133383632316561376438653431366536353730393966323463343930643739393234
34353938623963653464333134363665336535633766336334633530616231386163386134613038
35336538636230303534353665336436626139313339643162363630643136663831613335303537
37666230646462303032616134356537656636353866643732313938383237396536623834626536
33333039336434663939396362613265393063393630363764376136396132313963386633633966
34396330353065613465646530343536336137663964643138366361303538663239363737653933
30613935323765363962633131313236663835346131333363323864623639326437356564653165
33613738383736323939396431396462313631653337633134373037316333613436383039333663
39373633333835316566323262383731383735656562323234613463326331663861626464373966
37336562666466366165316130346631333233643132336330383035353431666462333735313938
63326635343466623632353366343065333166316233653432326137383338353661383064363933
32643038383666313064316234343066313437666366363964313138666632366632333561383565
39353630333035613264653061663736653336346137643034643661373431316463303637623164
62363664643631366662316339303539636130383964386364386234313433326463653532613832
65323637663137663239656133316339343362663463653332613030653030356230656637373531
37356566633264643432643465356164643031646665333635323439653664633163303636656333
36663039396338303038343861366133666537373737336537613361636330376265653132326562
34323362666131623966343139343336343161646166343239346636343465396234616235353662
33663130653534373934653134383463373334363234393036373239363265336335623062353637
37653030663362306639383039613931363866653763383162393132396161616230613238386564
30626166386339653834346137396261613166643332646534613835383761376639386538636235
64333739383431303362623962363232346663326639366461666132663232643338363237653536
39636339613462333966643463616161333961653033633934333166643064616166356666613935
30306261663539616563643734626666353361666666323336363333613165393837306432393633
64613563363331633033613864616238663731616237613434303337373133366566363335643735
62613131623337666161373134346331643335396232616539373666343335633534663162316135
66656236323866666436643639386361363931353030646633353062366262636136323233343738
65366134633263666566633739363335356165363938303563653730313836643939633563353635
38636166633533303534643236613936393564336435616634396435316333656130626137313065
62363831373764323163653765656134633334336130316430383462626536303434383932616334
37663266373864303131393233626265643036656561633764336536653765326434363437356566
37373538303638313035396666643438346632363837613761393038376239646436343835316464
34356166346535396635643065663434623038656534316262653865636438623662346331633062
30646438346237353438393637373166346331346465393337653162313538643639643362343861
38383864333966653735623563346431663066313834653334643764343234306536646536666130
31653163373638316666303865653165373330653232386531613636333863646338313762656230
37653631633364646230393538613437373763386435393834306539366161646664646462333939
39366266643539346563373163366232363065313965643038346238346138613730366339363961
39343166666633373365353036363961303762643262643432326136663463653132346632323931
30633137303331313664323838323330353266316661306332343335393362383339643639633931
39663637666137333631306361383537373230393463373434623437313363366532643635656236
66356265363831353032616362303337326137653231313066363662373466613638393932373632
36616132656536343165656534613834313665356163386438383562306534636433353231303232
32306161333839323762613333643462643264326431666538343938616434656562326334616537
65666630613034623030653165373466303135653737396430333636383137666135623035616433
39373937323132353530353737356162613934316664303237346263313935636265353932303235
62376333353733316135613531663962666331373762396662313332396634323161353863663738
39343036366162303139386634666339646133326331646336316636656430343537626663383032
65363864656466633731373735646234346430386537343962383335393739373665646633386439
37643834313936356334333431306330373836343537663665633333346535313038623833346137
38393134306530333139633065376630666663616563396630623434303664663764346263646637
63346663363930313637363035366138653238313933396163636638623331353530653262333038
34323165363464356266323164346339313862336132363337366464353436653665623239366531
66633065383862666664343039633333363637376230376630626363623863613037633364343436
37396535303435323530323734633464626639393237363765363934306664663135633436636131
393666326332353239623765383233643363
