$ANSIBLE_VAULT;1.1;AES256
64313865663730383935333135346263346664396633626236373062336363323863623565343335
6131613665396266303864336233316633393962313730620a343934656537366261616135653264
34376130366139636334353236353739623835343166373539323639393837343633663731663035
3634313931346666320a303333363666326138616163393266316161376663313737656361333730
33663833346563353665363536383564323737626663646366653236333362326139303166623863
31636339323331383733326133663238636334336235636461393838646236353961623662323462
61616233656661336634343363663361353066653133616235303334643631656365613035306363
32393130376637346335653762633035386635616238313034306136353839326236623366393235
37623063623536636133633633346137643561643731383332353730316333386134396166636132
34386634613132366137623634366565613365323935623664303462656262323631663265316136
64663962626136323965373631343634626632626431313166326630356635383630346363363731
63336337313266303464363236653739363039623665653834666231643737383563666235323663
33366264356637333138376132623834376365393237643730333561653037333766663534346633
30303837343766373438613065343432343430636238333863353665383861626533663632303737
35653164306263323937373264663764656237666131313034316165393632353834626230636663
30313962643861346431616234326162643365633432633934333266623635613664653864353237
37333163653730313938383634313532346566336533316361633263373765323435386236313236
35303239343063306637303338363930373737356263393463356538656663616466353938386637
34666235313365353637646330616137313165626536386538343832313064626138383265303932
38313030366337636462376261323539646433643537653966313630623133306335393161306166
3033
