$ANSIBLE_VAULT;1.1;AES256
35383639646138376533636166323736303532313031393166376364633137643265303766616439
3238313564356233343030666231626534383564626231630a393038336133326436656330313965
35353735373032653832386135636639326339636462316330396330343165346564356161316239
6433323336383230380a396435353730373566326364663066343536643137613339366231623735
38623239366434313362373233623936336237316262386235346361663731353032353632646632
38313065636264323661356166663239653135393934396237316563663036396139356266643633
32323038353136343639386437643064616534353066313635396335616465336331656138616462
37383635373366346334643663383762326235393832323061663766663834323962306336323266
30346531343334303438636635343932363435646132626334646435383532303131323139366431
30393364306534643561623861303532623136666334383464303238376235646464313661376165
64666630646265313433393661653234643861303936623861383937363265633133376565363233
35313738636337393132363938653237383830666332646161653863363236313963346263626337
3937
